$$ INITIAL CONDITION FILE CREATED ON 2021-07-06 AT 14:55:48.911664
System_class: MAPI_Rubrene
f$ System Flags:
do_fret: 0
check_do_ss: 0
symmetric_system: 0
L$: MAPI
p$ Space Grid:
Total_length: 500.0
Node_width: 5.0
p$ System Parameters:
mu_N: 20.0
mu_P: 20.0
N0: 100000000.0
P0: 3000000000000000.0
B: 9e-12
tau_N: 600.0
tau_P: 600.0
Sf: 1e-06
Sb: 0.1
Cn: 1.5e-50
Cp: 1.5e-50
MAPI_temperature: 300.0
rel_permitivity: 10.0
delta_N: 1.02930714e+21	1.03446657e+21	1.03965185e+21	1.04486313e+21	1.05010053e+21	1.05536418e+21	1.06065421e+21	1.06597076e+21	1.07131397e+21	1.07668395e+21	1.08208085e+21	1.08750480e+21	1.09295594e+21	1.09843441e+21	1.10394033e+21	1.10947386e+21	1.11503512e+21	1.12062425e+21	1.12624141e+21	1.13188672e+21	1.13756032e+21	1.14326237e+21	1.14899299e+21	1.15475234e+21	1.16054056e+21	1.16635780e+21	1.17220419e+21	1.17807989e+21	1.18398504e+21	1.18991979e+21	1.19588429e+21	1.20187868e+21	1.20790312e+21	1.21395776e+21	1.22004275e+21	1.22615824e+21	1.23230438e+21	1.23848134e+21	1.24468925e+21	1.25092828e+21	1.25719858e+21	1.26350032e+21	1.26983364e+21	1.27619871e+21	1.28259568e+21	1.28902472e+21	1.29548598e+21	1.30197963e+21	1.30850583e+21	1.31506474e+21	1.32165653e+21	1.32828136e+21	1.33493940e+21	1.34163081e+21	1.34835577e+21	1.35511443e+21	1.36190697e+21	1.36873355e+21	1.37559436e+21	1.38248956e+21	1.38941931e+21	1.39638381e+21	1.40338321e+21	1.41041770e+21	1.41748745e+21	1.42459263e+21	1.43173343e+21	1.43891002e+21	1.44612259e+21	1.45337131e+21	1.46065637e+21	1.46797794e+21	1.47533621e+21	1.48273136e+21	1.49016358e+21	1.49763306e+21	1.50513997e+21	1.51268452e+21	1.52026688e+21	1.52788725e+21	1.53554582e+21	1.54324277e+21	1.55097831e+21	1.55875262e+21	1.56656590e+21	1.57441835e+21	1.58231015e+21	1.59024151e+21	1.59821263e+21	1.60622371e+21	1.61427494e+21	1.62236652e+21	1.63049867e+21	1.63867158e+21	1.64688545e+21	1.65514050e+21	1.66343693e+21	1.67177494e+21	1.68015475e+21	1.68857656e+21
delta_P: 1.02930714e+21	1.03446657e+21	1.03965185e+21	1.04486313e+21	1.05010053e+21	1.05536418e+21	1.06065421e+21	1.06597076e+21	1.07131397e+21	1.07668395e+21	1.08208085e+21	1.08750480e+21	1.09295594e+21	1.09843441e+21	1.10394033e+21	1.10947386e+21	1.11503512e+21	1.12062425e+21	1.12624141e+21	1.13188672e+21	1.13756032e+21	1.14326237e+21	1.14899299e+21	1.15475234e+21	1.16054056e+21	1.16635780e+21	1.17220419e+21	1.17807989e+21	1.18398504e+21	1.18991979e+21	1.19588429e+21	1.20187868e+21	1.20790312e+21	1.21395776e+21	1.22004275e+21	1.22615824e+21	1.23230438e+21	1.23848134e+21	1.24468925e+21	1.25092828e+21	1.25719858e+21	1.26350032e+21	1.26983364e+21	1.27619871e+21	1.28259568e+21	1.28902472e+21	1.29548598e+21	1.30197963e+21	1.30850583e+21	1.31506474e+21	1.32165653e+21	1.32828136e+21	1.33493940e+21	1.34163081e+21	1.34835577e+21	1.35511443e+21	1.36190697e+21	1.36873355e+21	1.37559436e+21	1.38248956e+21	1.38941931e+21	1.39638381e+21	1.40338321e+21	1.41041770e+21	1.41748745e+21	1.42459263e+21	1.43173343e+21	1.43891002e+21	1.44612259e+21	1.45337131e+21	1.46065637e+21	1.46797794e+21	1.47533621e+21	1.48273136e+21	1.49016358e+21	1.49763306e+21	1.50513997e+21	1.51268452e+21	1.52026688e+21	1.52788725e+21	1.53554582e+21	1.54324277e+21	1.55097831e+21	1.55875262e+21	1.56656590e+21	1.57441835e+21	1.58231015e+21	1.59024151e+21	1.59821263e+21	1.60622371e+21	1.61427494e+21	1.62236652e+21	1.63049867e+21	1.63867158e+21	1.64688545e+21	1.65514050e+21	1.66343693e+21	1.67177494e+21	1.68015475e+21	1.68857656e+21
p$ Laser Parameters
LGC_absorption_cof: 10000.0
Power: 72.0
Spotsize: 9.999999999999995e-09
Pulse_Wavelength: 705.0
Pulse_Freq: 151.0
p$ Laser Options
long_expfactor: 0
incidence: 
power_mode: power-spot
direction: reverse
L$: Rubrene
p$ Space Grid:
Total_length: 100.0
Node_width: 2.0
p$ System Parameters:
mu_T: 0.0
mu_S: 0.0
T0: 0.0
tau_T: 1e+20
tau_S: 1e+20
tau_D: 1e+20
k_fusion: 0.0
k_0: 0.0
St: 0.0
Rubrene_temperature: 300.0
delta_T: 0.0
delta_S: 0.0
delta_D: 0.0
