$$ INITIAL CONDITION FILE CREATED ON 2021-07-06 AT 14:54:48.254792
System_class: MAPI_Rubrene
f$ System Flags:
do_fret: 0
check_do_ss: 1
symmetric_system: 0
L$: MAPI
p$ Space Grid:
Total_length: 500.0
Node_width: 5.0
p$ System Parameters:
mu_N: 20.0
mu_P: 20.0
N0: 100000000.0
P0: 3000000000000000.0
B: 9e-12
tau_N: 600.0
tau_P: 600.0
Sf: 1e-06
Sb: 0.02
Cn: 1.5e-50
Cp: 1.5e-50
MAPI_temperature: 300.0
rel_permitivity: 10.0
delta_N: 4.85704308e+12	4.88138911e+12	4.90585718e+12	4.93044789e+12	4.95516186e+12	4.97999972e+12	5.00496207e+12	5.03004954e+12	5.05526277e+12	5.08060238e+12	5.10606901e+12	5.13166329e+12	5.15738585e+12	5.18323736e+12	5.20921844e+12	5.23532976e+12	5.26157196e+12	5.28794570e+12	5.31445164e+12	5.34109044e+12	5.36786276e+12	5.39476929e+12	5.42181068e+12	5.44898762e+12	5.47630079e+12	5.50375086e+12	5.53133852e+12	5.55906447e+12	5.58692940e+12	5.61493400e+12	5.64307897e+12	5.67136502e+12	5.69979286e+12	5.72836319e+12	5.75707673e+12	5.78593420e+12	5.81493631e+12	5.84408380e+12	5.87337740e+12	5.90281782e+12	5.93240582e+12	5.96214213e+12	5.99202749e+12	6.02206265e+12	6.05224837e+12	6.08258539e+12	6.11307447e+12	6.14371639e+12	6.17451189e+12	6.20546176e+12	6.23656677e+12	6.26782769e+12	6.29924531e+12	6.33082041e+12	6.36255378e+12	6.39444621e+12	6.42649850e+12	6.45871146e+12	6.49108589e+12	6.52362259e+12	6.55632239e+12	6.58918609e+12	6.62221452e+12	6.65540851e+12	6.68876888e+12	6.72229648e+12	6.75599213e+12	6.78985668e+12	6.82389098e+12	6.85809587e+12	6.89247222e+12	6.92702088e+12	6.96174272e+12	6.99663860e+12	7.03170940e+12	7.06695599e+12	7.10237925e+12	7.13798008e+12	7.17375935e+12	7.20971797e+12	7.24585683e+12	7.28217684e+12	7.31867890e+12	7.35536393e+12	7.39223285e+12	7.42928657e+12	7.46652602e+12	7.50395214e+12	7.54156586e+12	7.57936811e+12	7.61735985e+12	7.65554203e+12	7.69391559e+12	7.73248151e+12	7.77124073e+12	7.81019424e+12	7.84934300e+12	7.88868799e+12	7.92823021e+12	7.96797063e+12
delta_P: 4.85704308e+12	4.88138911e+12	4.90585718e+12	4.93044789e+12	4.95516186e+12	4.97999972e+12	5.00496207e+12	5.03004954e+12	5.05526277e+12	5.08060238e+12	5.10606901e+12	5.13166329e+12	5.15738585e+12	5.18323736e+12	5.20921844e+12	5.23532976e+12	5.26157196e+12	5.28794570e+12	5.31445164e+12	5.34109044e+12	5.36786276e+12	5.39476929e+12	5.42181068e+12	5.44898762e+12	5.47630079e+12	5.50375086e+12	5.53133852e+12	5.55906447e+12	5.58692940e+12	5.61493400e+12	5.64307897e+12	5.67136502e+12	5.69979286e+12	5.72836319e+12	5.75707673e+12	5.78593420e+12	5.81493631e+12	5.84408380e+12	5.87337740e+12	5.90281782e+12	5.93240582e+12	5.96214213e+12	5.99202749e+12	6.02206265e+12	6.05224837e+12	6.08258539e+12	6.11307447e+12	6.14371639e+12	6.17451189e+12	6.20546176e+12	6.23656677e+12	6.26782769e+12	6.29924531e+12	6.33082041e+12	6.36255378e+12	6.39444621e+12	6.42649850e+12	6.45871146e+12	6.49108589e+12	6.52362259e+12	6.55632239e+12	6.58918609e+12	6.62221452e+12	6.65540851e+12	6.68876888e+12	6.72229648e+12	6.75599213e+12	6.78985668e+12	6.82389098e+12	6.85809587e+12	6.89247222e+12	6.92702088e+12	6.96174272e+12	6.99663860e+12	7.03170940e+12	7.06695599e+12	7.10237925e+12	7.13798008e+12	7.17375935e+12	7.20971797e+12	7.24585683e+12	7.28217684e+12	7.31867890e+12	7.35536393e+12	7.39223285e+12	7.42928657e+12	7.46652602e+12	7.50395214e+12	7.54156586e+12	7.57936811e+12	7.61735985e+12	7.65554203e+12	7.69391559e+12	7.73248151e+12	7.77124073e+12	7.81019424e+12	7.84934300e+12	7.88868799e+12	7.92823021e+12	7.96797063e+12
p$ Laser Parameters
LGC_absorption_cof: 10000.0
Power: 0.09
Spotsize: 3.9999999999999956e-07
Pulse_Wavelength: 705.0
p$ Laser Options
long_expfactor: 0
incidence: 
power_mode: power-spot
direction: reverse
L$: Rubrene
p$ Space Grid:
Total_length: 100.0
Node_width: 2.0
p$ System Parameters:
mu_T: 0.0008
mu_S: 92.0
T0: 10.0
tau_T: 50000.0
tau_S: 0.1
tau_D: 1.0
k_fusion: 1.25e-11
k_0: 18700000000000.0
St: 0.2
Rubrene_temperature: 300.0
delta_T: 0.0
delta_S: 0.0
delta_D: 0.0
