$$ INITIAL CONDITION FILE CREATED ON 2021-08-04 AT 22:53:49.910119
System_class: MAPI_Rubrene
f$ System Flags:
do_fret: 0
check_do_ss: 0
symmetric_system: 0
L$: MAPI
p$ Space Grid:
Total_length: 500.0
Node_width: 5.0
p$ System Parameters:
mu_N: 20.0
mu_P: 20.0
N0: 100000000.0
P0: 3000000000000000.0
B: 8e-11
tau_N: 1800.0
tau_P: 1000.0
Sf: 0.0
Sb: 0.0
Cn: 9e-29
Cp: 9e-29
MAPI_temperature: 300.0
rel_permitivity: 10.0
delta_N: 2.10972272e+16	2.09920043e+16	2.08873063e+16	2.07831304e+16	2.06794741e+16	2.05763348e+16	2.04737099e+16	2.03715968e+16	2.02699931e+16	2.01688961e+16	2.00683033e+16	1.99682122e+16	1.98686203e+16	1.97695252e+16	1.96709242e+16	1.95728151e+16	1.94751953e+16	1.93780623e+16	1.92814139e+16	1.91852474e+16	1.90895606e+16	1.89943510e+16	1.88996163e+16	1.88053540e+16	1.87115620e+16	1.86182376e+16	1.85253788e+16	1.84329831e+16	1.83410482e+16	1.82495718e+16	1.81585517e+16	1.80679856e+16	1.79778711e+16	1.78882061e+16	1.77989883e+16	1.77102155e+16	1.76218854e+16	1.75339959e+16	1.74465447e+16	1.73595297e+16	1.72729487e+16	1.71867995e+16	1.71010800e+16	1.70157880e+16	1.69309214e+16	1.68464781e+16	1.67624559e+16	1.66788528e+16	1.65956667e+16	1.65128955e+16	1.64305371e+16	1.63485894e+16	1.62670505e+16	1.61859182e+16	1.61051906e+16	1.60248657e+16	1.59449413e+16	1.58654156e+16	1.57862865e+16	1.57075521e+16	1.56292103e+16	1.55512593e+16	1.54736971e+16	1.53965217e+16	1.53197312e+16	1.52433237e+16	1.51672973e+16	1.50916501e+16	1.50163802e+16	1.49414857e+16	1.48669647e+16	1.47928154e+16	1.47190360e+16	1.46456245e+16	1.45725791e+16	1.44998981e+16	1.44275795e+16	1.43556217e+16	1.42840227e+16	1.42127808e+16	1.41418943e+16	1.40713613e+16	1.40011801e+16	1.39313489e+16	1.38618660e+16	1.37927297e+16	1.37239382e+16	1.36554897e+16	1.35873827e+16	1.35196153e+16	1.34521860e+16	1.33850929e+16	1.33183345e+16	1.32519090e+16	1.31858148e+16	1.31200503e+16	1.30546138e+16	1.29895036e+16	1.29247182e+16	1.28602559e+16
delta_P: 2.10972272e+16	2.09920043e+16	2.08873063e+16	2.07831304e+16	2.06794741e+16	2.05763348e+16	2.04737099e+16	2.03715968e+16	2.02699931e+16	2.01688961e+16	2.00683033e+16	1.99682122e+16	1.98686203e+16	1.97695252e+16	1.96709242e+16	1.95728151e+16	1.94751953e+16	1.93780623e+16	1.92814139e+16	1.91852474e+16	1.90895606e+16	1.89943510e+16	1.88996163e+16	1.88053540e+16	1.87115620e+16	1.86182376e+16	1.85253788e+16	1.84329831e+16	1.83410482e+16	1.82495718e+16	1.81585517e+16	1.80679856e+16	1.79778711e+16	1.78882061e+16	1.77989883e+16	1.77102155e+16	1.76218854e+16	1.75339959e+16	1.74465447e+16	1.73595297e+16	1.72729487e+16	1.71867995e+16	1.71010800e+16	1.70157880e+16	1.69309214e+16	1.68464781e+16	1.67624559e+16	1.66788528e+16	1.65956667e+16	1.65128955e+16	1.64305371e+16	1.63485894e+16	1.62670505e+16	1.61859182e+16	1.61051906e+16	1.60248657e+16	1.59449413e+16	1.58654156e+16	1.57862865e+16	1.57075521e+16	1.56292103e+16	1.55512593e+16	1.54736971e+16	1.53965217e+16	1.53197312e+16	1.52433237e+16	1.51672973e+16	1.50916501e+16	1.50163802e+16	1.49414857e+16	1.48669647e+16	1.47928154e+16	1.47190360e+16	1.46456245e+16	1.45725791e+16	1.44998981e+16	1.44275795e+16	1.43556217e+16	1.42840227e+16	1.42127808e+16	1.41418943e+16	1.40713613e+16	1.40011801e+16	1.39313489e+16	1.38618660e+16	1.37927297e+16	1.37239382e+16	1.36554897e+16	1.35873827e+16	1.35196153e+16	1.34521860e+16	1.33850929e+16	1.33183345e+16	1.32519090e+16	1.31858148e+16	1.31200503e+16	1.30546138e+16	1.29895036e+16	1.29247182e+16	1.28602559e+16
p$ Laser Parameters
LGC_absorption_cof: 10000.0
Power: 0.7
Spotsize: 6.36e-16
Pulse_Wavelength: 700.0
Pulse_Freq: 50.0
p$ Laser Options
long_expfactor: 0
incidence: 
power_mode: power-spot
direction: fwd
L$: Rubrene
p$ Space Grid:
Total_length: 100.0
Node_width: 5.0
p$ System Parameters:
mu_T: 0.0008
mu_S: 90.0
T0: 0.0
tau_T: 60000.0
tau_S: 1.0
tau_D: 1.0
k_fusion: 2.56e-11
k_0: 18700000000000.0
St: 50.0
Rubrene_temperature: 300.0
delta_T: 0.0
delta_S: 0.0
delta_D: 0.0
